tensor([6.2900e+02, 8.5500e+02, 2.4260e+03, 6.0390e+03, 1.2541e+04, 2.4858e+04,
        4.5052e+04, 7.3563e+04, 1.1364e+05, 1.6523e+05, 2.2665e+05, 3.0131e+05,
        3.8496e+05, 4.8093e+05, 5.8851e+05, 7.0719e+05, 8.3591e+05, 9.7106e+05,
        1.1100e+06, 1.2488e+06, 1.3935e+06, 1.5355e+06, 1.6783e+06, 1.8232e+06,
        1.9645e+06, 2.1042e+06, 2.2486e+06, 2.3902e+06, 2.5318e+06, 2.6703e+06,
        2.7992e+06, 2.9295e+06, 3.0584e+06, 3.1840e+06, 3.3123e+06, 3.4418e+06,
        3.5775e+06, 3.7323e+06, 3.9185e+06, 4.1106e+06, 3.7986e+06, 3.1860e+06,
        2.7231e+06, 2.3636e+06, 2.0784e+06, 1.8421e+06, 1.6450e+06, 1.4773e+06,
        1.3343e+06, 1.2099e+06, 1.1005e+06, 1.0046e+06, 9.2241e+05, 8.4531e+05,
        7.7734e+05, 7.1931e+05, 6.6232e+05, 6.1186e+05, 5.6591e+05, 5.2313e+05,
        4.8563e+05, 4.4905e+05, 4.1731e+05, 3.8661e+05, 3.5820e+05, 3.3224e+05,
        3.0922e+05, 2.8717e+05, 2.6614e+05, 2.4769e+05, 2.2983e+05, 2.1411e+05,
        1.9902e+05, 1.8555e+05, 1.7311e+05, 1.6069e+05, 1.4983e+05, 1.4005e+05,
        1.3028e+05, 1.2185e+05], device='cuda:0')
tensor([0.0000e+00, 0.0000e+00, 4.0000e+00, 2.3000e+01, 4.1000e+01, 1.2500e+02,
        3.0100e+02, 7.0400e+02, 1.6740e+03, 3.6010e+03, 6.8610e+03, 1.2087e+04,
        2.0568e+04, 3.3480e+04, 5.2502e+04, 8.1430e+04, 1.2010e+05, 1.7197e+05,
        2.4271e+05, 3.3248e+05, 4.4369e+05, 5.7704e+05, 7.3473e+05, 9.1641e+05,
        1.1216e+06, 1.3487e+06, 1.5973e+06, 1.8681e+06, 2.1584e+06, 2.4703e+06,
        2.8049e+06, 3.1561e+06, 3.5278e+06, 3.9079e+06, 4.3145e+06, 4.7424e+06,
        5.2054e+06, 5.7533e+06, 6.4656e+06, 7.5095e+06, 7.0690e+06, 5.6918e+06,
        4.7516e+06, 3.9788e+06, 3.2862e+06, 2.6785e+06, 2.1534e+06, 1.7100e+06,
        1.3423e+06, 1.0398e+06, 7.9975e+05, 6.0623e+05, 4.5653e+05, 3.4017e+05,
        2.5002e+05, 1.8173e+05, 1.2910e+05, 9.1982e+04, 6.4845e+04, 4.4993e+04,
        3.1470e+04, 2.2473e+04, 1.5368e+04, 1.0812e+04, 7.5370e+03, 5.3210e+03,
        3.7730e+03, 2.6580e+03, 1.8760e+03, 1.2280e+03, 7.6700e+02, 4.8300e+02,
        3.0700e+02, 1.5900e+02, 6.3000e+01, 1.9000e+01, 4.0000e+00, 0.0000e+00,
        0.0000e+00, 0.0000e+00], device='cuda:0')
tensor([1.9490e+03, 7.5510e+03, 3.3827e+04, 1.1310e+05, 2.8604e+05, 5.7440e+05,
        9.7431e+05, 1.4542e+06, 1.9741e+06, 2.5019e+06, 3.0081e+06, 3.4806e+06,
        3.9049e+06, 4.2645e+06, 4.5664e+06, 4.7869e+06, 4.9289e+06, 4.9989e+06,
        4.9943e+06, 4.9274e+06, 4.8088e+06, 4.6435e+06, 4.4514e+06, 4.2354e+06,
        3.9914e+06, 3.7389e+06, 3.4771e+06, 3.1931e+06, 2.9077e+06, 2.6000e+06,
        2.2728e+06, 1.9252e+06, 1.5580e+06, 1.1872e+06, 8.2304e+05, 5.0316e+05,
        2.5513e+05, 9.7322e+04, 2.2410e+04, 1.3790e+03], device='cuda:0')
tensor([4.8750e+03, 1.7000e+04, 5.6125e+04, 1.3538e+05, 2.8062e+05, 5.1700e+05,
        7.8688e+05, 1.1734e+06, 1.5682e+06, 1.9362e+06, 2.2122e+06, 2.5335e+06,
        2.7698e+06, 3.0264e+06, 3.2424e+06, 3.3905e+06, 3.5474e+06, 3.6110e+06,
        3.7402e+06, 3.8056e+06, 3.9050e+06, 3.9269e+06, 3.9942e+06, 4.0614e+06,
        4.0571e+06, 4.2166e+06, 4.2831e+06, 4.3216e+06, 4.3556e+06, 4.2802e+06,
        4.1370e+06, 3.8520e+06, 3.4121e+06, 2.7772e+06, 2.0644e+06, 1.3718e+06,
        7.3500e+05, 2.9900e+05, 6.7000e+04, 3.2500e+03], device='cuda:0')
tensor([0.0000e+00, 0.0000e+00, 0.0000e+00, 0.0000e+00, 0.0000e+00, 0.0000e+00,
        0.0000e+00, 3.0000e+00, 4.0000e+00, 2.6000e+01, 5.1000e+01, 1.4300e+02,
        3.1600e+02, 6.6600e+02, 1.3350e+03, 2.2760e+03, 3.7090e+03, 5.4310e+03,
        7.7640e+03, 1.0438e+04, 1.3115e+04, 1.6650e+04, 2.0099e+04, 2.3992e+04,
        2.8137e+04, 3.2378e+04, 3.6477e+04, 4.1645e+04, 4.6549e+04, 5.1553e+04,
        5.6135e+04, 6.0854e+04, 6.3841e+04, 6.4938e+04, 6.3223e+04, 5.6207e+04,
        4.3130e+04, 2.5752e+04, 9.9650e+03, 1.0010e+03], device='cuda:0')
tensor([3.9000e+01, 1.3600e+02, 4.4900e+02, 1.0830e+03, 2.2450e+03, 4.1360e+03,
        6.2950e+03, 9.3870e+03, 1.2546e+04, 1.5490e+04, 1.7698e+04, 2.0268e+04,
        2.2158e+04, 2.4211e+04, 2.5939e+04, 2.7124e+04, 2.8379e+04, 2.8888e+04,
        2.9922e+04, 3.0445e+04, 3.1240e+04, 3.1415e+04, 3.1954e+04, 3.2491e+04,
        3.2457e+04, 3.3733e+04, 3.4265e+04, 3.4573e+04, 3.4845e+04, 3.4242e+04,
        3.3096e+04, 3.0816e+04, 2.7297e+04, 2.2218e+04, 1.6515e+04, 1.0974e+04,
        5.8800e+03, 2.3920e+03, 5.3600e+02, 2.6000e+01], device='cuda:0')tensor([0.0000e+00, 0.0000e+00, 0.0000e+00, 0.0000e+00, 2.9000e+01, 1.1700e+02,
        4.8900e+02, 1.5130e+03, 3.4640e+03, 7.1970e+03, 1.2748e+04, 1.9827e+04,
        2.8111e+04, 3.5837e+04, 4.3189e+04, 4.9194e+04, 5.2986e+04, 5.5788e+04,
        5.6096e+04, 5.5806e+04, 5.3101e+04, 4.9777e+04, 4.5931e+04, 4.1013e+04,
        3.6895e+04, 3.1826e+04, 2.7431e+04, 2.3221e+04, 1.8665e+04, 1.4299e+04,
        1.0447e+04, 6.6910e+03, 3.8110e+03, 1.6380e+03, 5.5000e+02, 1.0700e+02,
        9.0000e+00, 0.0000e+00, 0.0000e+00, 0.0000e+00], device='cuda:0')
tensor([3.9000e+01, 1.3600e+02, 4.4900e+02, 1.0830e+03, 2.2450e+03, 4.1360e+03,
        6.2950e+03, 9.3870e+03, 1.2546e+04, 1.5490e+04, 1.7698e+04, 2.0268e+04,
        2.2158e+04, 2.4211e+04, 2.5939e+04, 2.7124e+04, 2.8379e+04, 2.8888e+04,
        2.9922e+04, 3.0445e+04, 3.1240e+04, 3.1415e+04, 3.1954e+04, 3.2491e+04,
        3.2457e+04, 3.3733e+04, 3.4265e+04, 3.4573e+04, 3.4845e+04, 3.4242e+04,
        3.3096e+04, 3.0816e+04, 2.7297e+04, 2.2218e+04, 1.6515e+04, 1.0974e+04,
        5.8800e+03, 2.3920e+03, 5.3600e+02, 2.6000e+01], device='cuda:0')
tensor([    0.,     0.,     0.,     0.,     0.,     0.,     0.,     0.,     0.,
            0.,     0.,     0.,     0.,     0.,     0.,     0.,     0.,     0.,
            0.,     0.,   175.,  1532.,  6381., 15682., 28036., 37966., 46369.,
        53063., 57267., 60366., 62656., 64445., 66190., 68838., 69087., 63912.,
        49515., 27489.,  8272.,   562.], device='cuda:0')
