tensor([4.5000e+01, 2.9800e+02, 2.8110e+03, 2.6151e+04, 1.4244e+05, 4.5718e+05,
        1.0275e+06, 1.7996e+06, 2.5934e+06, 3.3144e+06, 3.9643e+06, 4.5631e+06,
        5.1040e+06, 5.5755e+06, 5.9463e+06, 6.1865e+06, 6.2932e+06, 6.2614e+06,
        6.0889e+06, 5.7798e+06, 5.3646e+06, 4.8684e+06, 4.3332e+06, 3.7867e+06,
        3.2488e+06, 2.7340e+06, 2.2560e+06, 1.8204e+06, 1.4355e+06, 1.1027e+06,
        8.2165e+05, 5.8963e+05, 4.0898e+05, 2.6554e+05, 1.6228e+05, 8.9167e+04,
        4.2186e+04, 1.5306e+04, 3.4380e+03, 2.2500e+02, 0.0000e+00, 0.0000e+00,
        0.0000e+00, 0.0000e+00, 0.0000e+00, 0.0000e+00, 0.0000e+00, 0.0000e+00,
        0.0000e+00, 0.0000e+00, 0.0000e+00, 0.0000e+00, 0.0000e+00, 0.0000e+00,
        0.0000e+00, 0.0000e+00, 0.0000e+00, 0.0000e+00, 0.0000e+00, 0.0000e+00,
        0.0000e+00, 0.0000e+00, 0.0000e+00, 0.0000e+00, 0.0000e+00, 0.0000e+00,
        0.0000e+00, 0.0000e+00, 0.0000e+00, 0.0000e+00, 0.0000e+00, 0.0000e+00,
        0.0000e+00, 0.0000e+00, 0.0000e+00, 0.0000e+00, 0.0000e+00, 0.0000e+00,
        0.0000e+00, 0.0000e+00], device='cuda:0')
tensor([4.5000e+01, 2.9800e+02, 2.8110e+03, 2.6151e+04, 1.4244e+05, 4.5718e+05,
        1.0275e+06, 1.7996e+06, 2.5934e+06, 3.3144e+06, 3.9643e+06, 4.5631e+06,
        5.1040e+06, 5.5755e+06, 5.9463e+06, 6.1865e+06, 6.2932e+06, 6.2614e+06,
        6.0889e+06, 5.7798e+06, 5.3646e+06, 4.8684e+06, 4.3332e+06, 3.7867e+06,
        3.2488e+06, 2.7340e+06, 2.2560e+06, 1.8204e+06, 1.4355e+06, 1.1027e+06,
        8.2165e+05, 5.8963e+05, 4.0898e+05, 2.6554e+05, 1.6228e+05, 8.9167e+04,
        4.2186e+04, 1.5306e+04, 3.4380e+03, 2.2500e+02, 0.0000e+00, 0.0000e+00,
        0.0000e+00, 0.0000e+00, 0.0000e+00, 0.0000e+00, 0.0000e+00, 0.0000e+00,
        0.0000e+00, 0.0000e+00, 0.0000e+00, 0.0000e+00, 0.0000e+00, 0.0000e+00,
        0.0000e+00, 0.0000e+00, 0.0000e+00, 0.0000e+00, 0.0000e+00, 0.0000e+00,
        0.0000e+00, 0.0000e+00, 0.0000e+00, 0.0000e+00, 0.0000e+00, 0.0000e+00,
        0.0000e+00, 0.0000e+00, 0.0000e+00, 0.0000e+00, 0.0000e+00, 0.0000e+00,
        0.0000e+00, 0.0000e+00, 0.0000e+00, 0.0000e+00, 0.0000e+00, 0.0000e+00,
        0.0000e+00, 0.0000e+00], device='cuda:0')
tensor([4.5000e+01, 2.9800e+02, 2.8110e+03, 2.6151e+04, 1.4244e+05, 4.5718e+05,
        1.0275e+06, 1.7996e+06, 2.5934e+06, 3.3144e+06, 3.9643e+06, 4.5631e+06,
        5.1040e+06, 5.5755e+06, 5.9463e+06, 6.1865e+06, 6.2932e+06, 6.2614e+06,
        6.0889e+06, 5.7798e+06, 5.3645e+06, 4.8684e+06, 4.3332e+06, 3.7867e+06,
        3.2488e+06, 2.7340e+06, 2.2560e+06, 1.8204e+06, 1.4355e+06, 1.1027e+06,
        8.2165e+05, 5.8963e+05, 4.0898e+05, 2.6554e+05, 1.6228e+05, 8.9167e+04,
        4.2186e+04, 1.5306e+04, 3.4380e+03, 2.2500e+02], device='cuda:0')
tensor([       0.,        0.,        0.,        0.,        0.,        0.,
               0.,        0.,        0.,        0.,        0.,        0.,
               0.,        0.,        0.,        0.,        0.,        0.,
               0.,        0.,        0.,        0.,        0.,        0.,
               0.,        0.,        0.,        0.,        0.,        0.,
               0.,        0.,        0.,        0.,        0.,        0.,
               0.,        0.,        0., 98474096.], device='cuda:0')
tensor([0.0000e+00, 0.0000e+00, 0.0000e+00, 0.0000e+00, 0.0000e+00, 0.0000e+00,
        0.0000e+00, 0.0000e+00, 1.0000e+00, 4.0000e+00, 8.0000e+00, 3.5000e+01,
        1.4500e+02, 4.2900e+02, 9.9600e+02, 2.2400e+03, 4.4030e+03, 7.9350e+03,
        1.1666e+04, 1.5849e+04, 2.0536e+04, 2.4772e+04, 2.9785e+04, 3.3782e+04,
        3.8051e+04, 4.2198e+04, 4.5372e+04, 4.9526e+04, 5.4334e+04, 6.0482e+04,
        6.3286e+04, 6.2069e+04, 5.8994e+04, 5.2240e+04, 4.3098e+04, 3.1767e+04,
        2.0579e+04, 1.0118e+04, 2.8830e+03, 2.2000e+02], device='cuda:0')
tensor([     0.,      0.,      0.,      0.,      0.,      0.,      0.,      0.,
             0.,      0.,      0.,      0.,      0.,      0.,      0.,      0.,
             0.,      0.,      0.,      0.,      0.,      0.,      0.,      0.,
             0.,      0.,      0.,      0.,      0.,      0.,      0.,      0.,
             0.,      0.,      0.,      0.,      0.,      0.,      0., 787803.],
       device='cuda:0')tensor([0.0000e+00, 0.0000e+00, 0.0000e+00, 0.0000e+00, 2.0000e+00, 3.1000e+01,
        2.0400e+02, 1.0590e+03, 3.2340e+03, 7.9220e+03, 1.6018e+04, 2.6896e+04,
        3.9019e+04, 5.1940e+04, 6.1839e+04, 6.9653e+04, 7.3464e+04, 7.2865e+04,
        6.9959e+04, 6.5494e+04, 5.9386e+04, 5.1912e+04, 4.2378e+04, 3.1369e+04,
        2.0737e+04, 1.2353e+04, 6.4040e+03, 2.6490e+03, 8.4000e+02, 1.6500e+02,
        1.1000e+01, 0.0000e+00, 0.0000e+00, 0.0000e+00, 0.0000e+00, 0.0000e+00,
        0.0000e+00, 0.0000e+00, 0.0000e+00, 0.0000e+00], device='cuda:0')
tensor([     0.,      0.,      0.,      0.,      0.,      0.,      0.,      0.,
             0.,      0.,      0.,      0.,      0.,      0.,      0.,      0.,
             0.,      0.,      0.,      0.,      0.,      0.,      0.,      0.,
             0.,      0.,      0.,      0.,      0.,      0.,      0.,      0.,
             0.,      0.,      0.,      0.,      0.,      0.,      0., 787803.],
       device='cuda:0')
tensor([     0.,      0.,      0.,      0.,      0.,      0.,      0.,      0.,
             0.,      0.,      0.,      0.,      0.,      0.,      0.,      0.,
             0.,      0.,      0.,      0.,      0.,      0.,      0.,      0.,
             0.,      0.,      0.,      0.,      0.,      0.,      0.,      0.,
             0.,      0.,      0.,      0.,      0.,      0.,      0., 787803.],
       device='cuda:0')
