tensor([4.0000e+00, 9.0000e+00, 1.0000e+01, 1.9000e+01, 4.8000e+01, 1.5300e+02,
        4.6100e+02, 1.5220e+03, 4.7540e+03, 1.2677e+04, 3.0837e+04, 6.4301e+04,
        1.2172e+05, 2.0770e+05, 3.2581e+05, 4.8074e+05, 6.7286e+05, 8.9600e+05,
        1.1334e+06, 1.3755e+06, 1.5972e+06, 1.7858e+06, 1.9480e+06, 2.0934e+06,
        2.2321e+06, 2.3682e+06, 2.5020e+06, 2.6406e+06, 2.7666e+06, 2.8759e+06,
        2.9657e+06, 3.0371e+06, 3.0954e+06, 3.1392e+06, 3.1783e+06, 3.2018e+06,
        3.2192e+06, 3.2127e+06, 3.1753e+06, 3.1240e+06, 2.9478e+06, 2.6699e+06,
        2.4226e+06, 2.2067e+06, 2.0215e+06, 1.8554e+06, 1.7140e+06, 1.5857e+06,
        1.4700e+06, 1.3677e+06, 1.2757e+06, 1.1876e+06, 1.1128e+06, 1.0421e+06,
        9.7331e+05, 9.1001e+05, 8.5184e+05, 7.9524e+05, 7.4000e+05, 6.8944e+05,
        6.4074e+05, 5.9618e+05, 5.5421e+05, 5.1445e+05, 4.7785e+05, 4.4435e+05,
        4.1450e+05, 3.8754e+05, 3.6016e+05, 3.3775e+05, 3.1481e+05, 2.9403e+05,
        2.7610e+05, 2.5736e+05, 2.3988e+05, 2.2464e+05, 2.1047e+05, 1.9602e+05,
        1.8232e+05, 1.6975e+05], device='cuda:0')
tensor([0.0000e+00, 0.0000e+00, 0.0000e+00, 0.0000e+00, 0.0000e+00, 0.0000e+00,
        0.0000e+00, 0.0000e+00, 0.0000e+00, 3.0000e+00, 1.6000e+01, 5.6000e+01,
        1.5200e+02, 4.3800e+02, 1.1600e+03, 2.6270e+03, 5.7980e+03, 1.2501e+04,
        2.4930e+04, 4.8332e+04, 8.7084e+04, 1.5252e+05, 2.5593e+05, 4.1089e+05,
        6.2476e+05, 9.0267e+05, 1.2403e+06, 1.6312e+06, 2.0539e+06, 2.4947e+06,
        2.9339e+06, 3.3771e+06, 3.8222e+06, 4.2712e+06, 4.7138e+06, 5.1299e+06,
        5.5485e+06, 6.0239e+06, 6.6010e+06, 7.1153e+06, 6.5097e+06, 5.3382e+06,
        4.6081e+06, 4.0881e+06, 3.6290e+06, 3.1497e+06, 2.6478e+06, 2.1746e+06,
        1.7554e+06, 1.3942e+06, 1.0863e+06, 8.2356e+05, 6.0124e+05, 4.2399e+05,
        2.8832e+05, 1.8836e+05, 1.1896e+05, 7.1619e+04, 4.1816e+04, 2.3689e+04,
        1.2826e+04, 6.6510e+03, 3.4320e+03, 1.5530e+03, 7.4700e+02, 3.2600e+02,
        1.2700e+02, 5.8000e+01, 2.2000e+01, 2.0000e+00, 1.0000e+00, 0.0000e+00,
        0.0000e+00, 0.0000e+00, 0.0000e+00, 0.0000e+00, 0.0000e+00, 0.0000e+00,
        0.0000e+00, 0.0000e+00], device='cuda:0')
tensor([4.5000e+01, 2.9800e+02, 2.8110e+03, 2.6151e+04, 1.4244e+05, 4.5718e+05,
        1.0275e+06, 1.7996e+06, 2.5934e+06, 3.3144e+06, 3.9643e+06, 4.5631e+06,
        5.1040e+06, 5.5755e+06, 5.9463e+06, 6.1865e+06, 6.2932e+06, 6.2614e+06,
        6.0889e+06, 5.7798e+06, 5.3645e+06, 4.8684e+06, 4.3332e+06, 3.7867e+06,
        3.2488e+06, 2.7340e+06, 2.2560e+06, 1.8204e+06, 1.4355e+06, 1.1027e+06,
        8.2165e+05, 5.8963e+05, 4.0898e+05, 2.6554e+05, 1.6228e+05, 8.9167e+04,
        4.2186e+04, 1.5306e+04, 3.4380e+03, 2.2500e+02], device='cuda:0')
tensor([0.0000e+00, 1.2500e+02, 1.2500e+03, 1.0875e+04, 7.7250e+04, 2.7225e+05,
        6.7600e+05, 1.2145e+06, 1.8232e+06, 2.4674e+06, 3.0341e+06, 3.5785e+06,
        4.0551e+06, 4.5070e+06, 4.9158e+06, 5.2639e+06, 5.4650e+06, 5.6200e+06,
        5.7626e+06, 5.6802e+06, 5.5238e+06, 5.3402e+06, 4.9899e+06, 4.6775e+06,
        4.2182e+06, 3.7829e+06, 3.3229e+06, 2.8865e+06, 2.4115e+06, 1.9715e+06,
        1.5488e+06, 1.1919e+06, 8.6100e+05, 5.8675e+05, 3.7188e+05, 2.0788e+05,
        1.0638e+05, 3.9125e+04, 1.0750e+04, 1.0000e+03], device='cuda:0')
tensor([0.0000e+00, 0.0000e+00, 0.0000e+00, 0.0000e+00, 0.0000e+00, 0.0000e+00,
        0.0000e+00, 0.0000e+00, 1.0000e+00, 4.0000e+00, 8.0000e+00, 3.5000e+01,
        1.4500e+02, 4.2900e+02, 9.9600e+02, 2.2400e+03, 4.4030e+03, 7.9350e+03,
        1.1666e+04, 1.5849e+04, 2.0536e+04, 2.4772e+04, 2.9785e+04, 3.3782e+04,
        3.8051e+04, 4.2198e+04, 4.5372e+04, 4.9526e+04, 5.4334e+04, 6.0482e+04,
        6.3286e+04, 6.2069e+04, 5.8994e+04, 5.2240e+04, 4.3098e+04, 3.1767e+04,
        2.0579e+04, 1.0118e+04, 2.8830e+03, 2.2000e+02], device='cuda:0')
tensor([0.0000e+00, 1.0000e+00, 1.0000e+01, 8.7000e+01, 6.1800e+02, 2.1780e+03,
        5.4080e+03, 9.7160e+03, 1.4586e+04, 1.9739e+04, 2.4273e+04, 2.8628e+04,
        3.2441e+04, 3.6056e+04, 3.9326e+04, 4.2111e+04, 4.3720e+04, 4.4960e+04,
        4.6101e+04, 4.5442e+04, 4.4190e+04, 4.2722e+04, 3.9919e+04, 3.7420e+04,
        3.3746e+04, 3.0263e+04, 2.6583e+04, 2.3092e+04, 1.9292e+04, 1.5772e+04,
        1.2390e+04, 9.5350e+03, 6.8880e+03, 4.6940e+03, 2.9750e+03, 1.6630e+03,
        8.5100e+02, 3.1300e+02, 8.6000e+01, 8.0000e+00], device='cuda:0')tensor([0.0000e+00, 0.0000e+00, 0.0000e+00, 0.0000e+00, 2.0000e+00, 3.1000e+01,
        2.0400e+02, 1.0590e+03, 3.2340e+03, 7.9220e+03, 1.6018e+04, 2.6896e+04,
        3.9019e+04, 5.1940e+04, 6.1839e+04, 6.9653e+04, 7.3464e+04, 7.2865e+04,
        6.9959e+04, 6.5494e+04, 5.9386e+04, 5.1912e+04, 4.2378e+04, 3.1369e+04,
        2.0737e+04, 1.2353e+04, 6.4040e+03, 2.6490e+03, 8.4000e+02, 1.6500e+02,
        1.1000e+01, 0.0000e+00, 0.0000e+00, 0.0000e+00, 0.0000e+00, 0.0000e+00,
        0.0000e+00, 0.0000e+00, 0.0000e+00, 0.0000e+00], device='cuda:0')
tensor([0.0000e+00, 1.0000e+00, 1.0000e+01, 8.7000e+01, 6.1800e+02, 2.1780e+03,
        5.4080e+03, 9.7160e+03, 1.4586e+04, 1.9739e+04, 2.4273e+04, 2.8628e+04,
        3.2441e+04, 3.6056e+04, 3.9326e+04, 4.2111e+04, 4.3720e+04, 4.4960e+04,
        4.6101e+04, 4.5442e+04, 4.4190e+04, 4.2722e+04, 3.9919e+04, 3.7420e+04,
        3.3746e+04, 3.0263e+04, 2.6583e+04, 2.3092e+04, 1.9292e+04, 1.5772e+04,
        1.2390e+04, 9.5350e+03, 6.8880e+03, 4.6940e+03, 2.9750e+03, 1.6630e+03,
        8.5100e+02, 3.1300e+02, 8.6000e+01, 8.0000e+00], device='cuda:0')
tensor([0.0000e+00, 0.0000e+00, 0.0000e+00, 0.0000e+00, 0.0000e+00, 0.0000e+00,
        0.0000e+00, 0.0000e+00, 0.0000e+00, 0.0000e+00, 0.0000e+00, 0.0000e+00,
        0.0000e+00, 0.0000e+00, 0.0000e+00, 0.0000e+00, 0.0000e+00, 0.0000e+00,
        0.0000e+00, 0.0000e+00, 1.0000e+00, 9.7000e+01, 2.7960e+03, 1.5124e+04,
        3.4325e+04, 5.2901e+04, 6.8497e+04, 8.1437e+04, 8.8680e+04, 9.1543e+04,
        8.6911e+04, 7.7340e+04, 6.4009e+04, 4.9675e+04, 3.5064e+04, 2.1925e+04,
        1.1582e+04, 4.6380e+03, 1.1640e+03, 9.4000e+01], device='cuda:0')
